[Window][DockSpaceViewport_11111111]
Pos=0,0
Size=1920,1017
Collapsed=0

[Window][Debug##Default]
Pos=60,60
Size=400,400
Collapsed=0

[Window][Node Editor]
Pos=81,177
Size=1117,741
Collapsed=0

[Window][Texture Preview]
Pos=1208,432
Size=768,768
Collapsed=0

[Docking][Data]
DockSpace ID=0x8B93E3BD Window=0xA787BDB4 Pos=0,0 Size=1920,1017 CentralNode=1


[NoiseToolMeshNoisePreview][Settings]
tri_limit=35000000
frequency=0.005000
iso_surface=0.000000
heightmap_multiplier=100.000000
seed=1338
color=16777215
mesh_type=0
enabled=1

[NoiseToolNoiseTexture][Settings]
frequency=0.232000
seed=1337
gen_type=0
export_size=4096:4096

[NoiseToolNodeGraph][Settings]
grid_offset=23.000000:208.000000
frequency=0.020000
seed=1337
gen_type=0

[NoiseToolNodeData][Node:9]
id=2
grid_pos=159.000000:-143.000000

[NoiseToolNodeData][Node:19]
variable=-1084143698
node=2
id=3
grid_pos=491.000000:-138.000000

[NoiseToolNodeData][Node:16]
variable=1056964608
node=3
hybrid=0:16.260000
id=11
grid_pos=799.000000:97.000000

[NoiseToolNodeData][Node:2]
variable=1069379748
id=4
grid_pos=21.000000:164.000000
