[Window][DockSpaceViewport_11111111]
Pos=0,0
Size=1536,800
Collapsed=0

[Window][Debug##Default]
Pos=49,28
Size=400,400
Collapsed=0

[Window][Node Editor]
Pos=304,29
Size=1117,741
Collapsed=0

[Window][Texture Preview]
Pos=1352,781
Size=768,768
Collapsed=1

[Docking][Data]
DockSpace ID=0x8B93E3BD Window=0xA787BDB4 Pos=0,0 Size=1536,800 CentralNode=1


[NoiseToolMeshNoisePreview][Settings]
tri_limit=1000000
frequency=0.021500
iso_surface=0.000000
heightmap_multiplier=100.000000
seed=1310
color=16777215
mesh_type=0
enabled=1

[NoiseToolNoiseTexture][Settings]
frequency=0.232000
seed=1337
gen_type=2
export_size=4096:4096

[NoiseToolNodeGraph][Settings]
grid_offset=5806.190430:-2678.047852
frequency=0.020000
seed=1337
gen_type=0

[NoiseToolNodeData][Node:9]
id=2
grid_pos=-6563.190430:2700.047852

[NoiseToolNodeData][Node:13]
variable=3
variable=1061997773
node=2
hybrid=0:3.630000
hybrid=0:0.000000
id=3
grid_pos=-6283.190430:2700.047852

[NoiseToolNodeData][Node:19]
variable=1059648963
node=3
id=4
grid_pos=-6003.190430:2700.047852

[NoiseToolNodeData][Node:4]
variable=0
variable=0
variable=1050253722
variable=0
variable=0
variable=0
variable=-1063256064
variable=0
id=5
grid_pos=-6150.190430:3295.047852

[NoiseToolNodeData][Node:25]
node=4
hybrid=5:0.000000
id=6
grid_pos=-5723.190430:2890.047852

[NoiseToolNodeData][Node:19]
variable=1042536202
node=6
id=7
grid_pos=-5443.190430:2890.047852

[NoiseToolNodeData][Node:23]
variable=-1069547520
variable=1065353216
variable=0
variable=1065353216
node=7
id=8
grid_pos=-5163.190430:2890.047852
