[Window][DockSpaceViewport_11111111]
Pos=0,0
Size=1920,1017
Collapsed=0

[Window][Debug##Default]
Pos=49,28
Size=400,400
Collapsed=0

[Window][Node Editor]
Pos=1088,76
Size=1117,741
Collapsed=0

[Window][Texture Preview]
Pos=1352,914
Size=768,768
Collapsed=1

[Docking][Data]
DockSpace ID=0x8B93E3BD Window=0xA787BDB4 Pos=0,0 Size=1920,1017 CentralNode=1


[NoiseToolMeshNoisePreview][Settings]
tri_limit=1000000
frequency=0.021500
iso_surface=0.000000
heightmap_multiplier=100.000000
seed=1310
color=16777215
mesh_type=0
enabled=1

[NoiseToolNoiseTexture][Settings]
frequency=0.232000
seed=1337
gen_type=2
export_size=4096:4096

[NoiseToolNodeGraph][Settings]
grid_offset=3089.926514:147.182007
frequency=0.020000
seed=1337
gen_type=0

[NoiseToolNodeData][Node:9]
id=84
grid_pos=-3473.926514:-214.182007

[NoiseToolNodeData][Node:13]
variable=4
variable=1074664571
node=84
hybrid=0:0.340000
hybrid=0:0.000000
id=85
grid_pos=-3193.926514:-214.182007

[NoiseToolNodeData][Node:4]
variable=0
variable=0
variable=-1102263091
variable=0
variable=0
variable=0
variable=1092616192
variable=0
id=86
grid_pos=-3368.926514:193.817993

[NoiseToolNodeData][Node:25]
node=85
hybrid=86:0.000000
id=87
grid_pos=-2899.926514:90.817993

[NoiseToolNodeData][Node:13]
variable=15
variable=1079110533
node=87
hybrid=0:-0.420000
hybrid=0:2.500000
id=88
grid_pos=-2633.926514:-24.182007

[NoiseToolNodeData][Node:19]
variable=-1100920914
node=88
id=89
grid_pos=-2353.926514:-24.182007
