[Window][DockSpaceViewport_11111111]
Pos=0,0
Size=1920,1017
Collapsed=0

[Window][Debug##Default]
Pos=49,28
Size=400,400
Collapsed=0

[Window][Node Editor]
Pos=1088,76
Size=1117,741
Collapsed=0

[Window][Texture Preview]
Pos=1352,914
Size=768,768
Collapsed=1

[Docking][Data]
DockSpace ID=0x8B93E3BD Window=0xA787BDB4 Pos=0,0 Size=1920,1017 CentralNode=1


[NoiseToolMeshNoisePreview][Settings]
tri_limit=1000000
frequency=0.021500
iso_surface=0.000000
heightmap_multiplier=100.000000
seed=1310
color=16777215
mesh_type=0
enabled=1

[NoiseToolNoiseTexture][Settings]
frequency=0.232000
seed=1337
gen_type=2
export_size=4096:4096

[NoiseToolNodeGraph][Settings]
grid_offset=3993.932617:8.662781
frequency=0.020000
seed=1337
gen_type=0

[NoiseToolNodeData][Node:9]
id=2
grid_pos=-4174.932617:-90.662781

[NoiseToolNodeData][Node:4]
variable=0
variable=0
variable=-1119040307
variable=0
variable=0
variable=0
variable=1101004800
variable=0
id=4
grid_pos=-3894.932861:289.337219

[NoiseToolNodeData][Node:25]
node=2
hybrid=4:0.000000
id=5
grid_pos=-3614.932861:99.337219
