[Window][DockSpaceViewport_11111111]
Pos=0,0
Size=1920,1017
Collapsed=0

[Window][Debug##Default]
Pos=49,28
Size=400,400
Collapsed=0

[Window][Node Editor]
Pos=304,29
Size=1117,741
Collapsed=0

[Window][Texture Preview]
Pos=1352,781
Size=768,768
Collapsed=1

[Docking][Data]
DockSpace ID=0x8B93E3BD Window=0xA787BDB4 Pos=0,0 Size=1920,1017 CentralNode=1


[NoiseToolMeshNoisePreview][Settings]
tri_limit=1000000
frequency=0.021500
iso_surface=0.000000
heightmap_multiplier=100.000000
seed=1310
color=16777215
mesh_type=0
enabled=1

[NoiseToolNoiseTexture][Settings]
frequency=0.232000
seed=1337
gen_type=2
export_size=4096:4096

[NoiseToolNodeGraph][Settings]
grid_offset=7520.197266:-2585.234131
frequency=0.020000
seed=1337
gen_type=0

[NoiseToolNodeData][Node:9]
id=2
grid_pos=-7646.197266:2768.234131

[NoiseToolNodeData][Node:12]
variable=1
variable=1036831949
node=2
hybrid=0:1.160000
id=3
grid_pos=-7366.197266:2768.234131

[NoiseToolNodeData][Node:19]
variable=1022739087
node=3
id=4
grid_pos=-7086.197266:2768.234131

[NoiseToolNodeData][Node:16]
variable=1082549862
node=4
hybrid=0:1.040000
id=5
grid_pos=-6806.197266:2768.234131
