[Window][DockSpaceViewport_11111111]
Pos=0,0
Size=1920,1017
Collapsed=0

[Window][Debug##Default]
Pos=49,28
Size=400,400
Collapsed=0

[Window][Node Editor]
Pos=194,174
Size=1117,741
Collapsed=0

[Window][Texture Preview]
Pos=1208,432
Size=768,768
Collapsed=0

[Docking][Data]
DockSpace ID=0x8B93E3BD Window=0xA787BDB4 Pos=0,0 Size=1920,1017 CentralNode=1


[NoiseToolMeshNoisePreview][Settings]
tri_limit=10000000
frequency=0.005000
iso_surface=0.000000
heightmap_multiplier=100.000000
seed=1310
color=16777215
mesh_type=0
enabled=1

[NoiseToolNoiseTexture][Settings]
frequency=0.232000
seed=1337
gen_type=2
export_size=4096:4096

[NoiseToolNodeGraph][Settings]
grid_offset=230.000000:-198.000000
frequency=0.020000
seed=1337
gen_type=0

[NoiseToolNodeData][Node:9]
id=2
grid_pos=-453.000000:-93.000000

[NoiseToolNodeData][Node:19]
variable=1025758986
node=2
id=3
grid_pos=-173.000000:-93.000000

[NoiseToolNodeData][Node:16]
variable=1066192077
node=3
hybrid=0:17.320000
id=4
grid_pos=107.000000:-93.000000

[NoiseToolNodeData][Node:13]
variable=4
variable=1074664571
node=2
hybrid=0:0.340000
hybrid=4:0.000000
id=5
grid_pos=206.000000:291.000000

[NoiseToolNodeData][Node:19]
variable=1041194025
node=5
id=6
grid_pos=541.000000:473.000000
